130189
111372
198112
183761
17453
6596
195428
152822
7494
266243
18781
141721
142122
115092
86171
109488
233001
204679
100819
28420
273284
54044
125061
116635
269314
203714
46049
201421
277081
102963
159792
186391
275359
137025
149272
10908
204645
62796
163731
273163
108159
243536
194005
29401
137748
59296
138890
88845
263975
18829
178290
34475
72873
21447
151111
121308
4281
197160
40825
60483
79243
261642
246874
72699
177787
114242
83607
100528
238062
26458
91787
125341
49114
64912
154742
186863
124208
72752
54828
167303
91581
233118
262803
225479
33685
132010
64883
98991
108290
166732
159474
187534
146470
185468
39353
42353
17806
183984
203905
34988
210443
74813
221353
38677
139725
94191
225540
263934
166944
59489
210357
37645
10703
191256
42244
105413
102386
168151
204404
210677
52980
142998
177331
199450
46562
277708
20924
125392
179788
224829
160380
169351
17738
99829
208029
157464
255044
212689
200518
201108
272178
189995
238754
62002
99348
60118
167415
201734
228270
150939
191531
281250
12033
147982
259820
58595
143786
280744
183987
102695
2790
123487
272046
20528
2436
259195
239016
36600
189981
218654
237709
180255
126746
194559
21377
5214
254677
249816
206948
262067
118851
116576
261413
191908
43678
18450
250503
187465
78314
213610
8256
81104
116217
59422
162657
179677
36714
180793
216278
5815
178568
172083
247094
23410
145762
268472
28624
179559
236384
14692
159723
134356
192292
139232
44360
235971
218706
73984
202556
15117
5690
271836
96221
182932
49354
37998
80705
86068
279816
76103
91883
176480
248186
57074
199890
173068
104666
7634
70724
59146
22326
230447
254526
275643
87775
16983
229710
85602
90967
150362
100719
157681
140294
257964
119733
250672
14059
261463
115861
11971
55662
268768
188451
82969
104962
167461
256037
209628
236119
44857
47895
37565
275304
20517
31304
142200
37500
40134
227802
189491
251520
46617
65269
170934
83701
246026
139703
97760
225585
34684
170755
281248
21548
138326
82313
126511
84907
56446
115259
100146
162328
163154
137712
155728
244696
230040
77048
61316
49295
22946
250808
18911
130587
95197
189846
214289
59319
108669
91169
64025
143353
41045
63369
225925
179371
206706
70532
43399
42272
246816
143545
204600
128066
60377
139449
151882
8514
216497
213199
57809
18564
243127
137744
210175
117444
106710
203584
237787
215379
12850
19908
137852
53895
83277
81874
12386
8079
213430
55785
50352
178342
260355
34072
85529
38828
173521
237411
47342
169139
229730
166175
248727
190953
22016
176998
26493
128726
159703
264281
123226
172553
2285
261078
5568
146587
122072
78978
154666
114623
134764
266042
72085
113215
79235
157614
213067
31876
174146
260410
201015
121972
144681
228862
92046
227721
184981
118539
74544
62780
161940
197770
14453
164226
237968
20021
28909
139161
98999
244599
253784
12883
7858
43965
187122
87093
262604
118286
118969
215870
157816
99105
116962
81617
107087
209008
27435
10164
45644
101979
133968
207584
78869
148421
150930
34933
229466
179839
174094
107586
203559
206998
120469
211417
30084
86712
77630
71808
266022
257623
5774
141934
135848
122736
2671
242936
49841
30106
32220
156509
193109
166189
143213
271978
32706
12240
86032
262173
253103
39246
87855
174758
246245
269348
165295
55449
135180
22045
127257
119298
58789
194055
40352
194637
34887
43024
216693
145752
134154
248914
81381
45360
133199
224595
96458
226929
236835
182490
268222
208034
857
135197
161913
247102
122642
106328
20647
257822
189398
208928
156241
248187
121079
257617
160920
216990
79761
156734
141863
213916
123744
223244
38396
36063
165935
134854
42112
181890
96465
28431
169045
97322
163628
49054
123544
65390
216406
205215
102333
123900
193263
258574
90183
32438
13407
30224
28548
93169
186958
170411
86205
89822
172776
124601
125885
117831
38575
229021
17818
196064
257452
186863
11482
200201
15037
196050
265591
10563
119361
86020
134464
30720
123714
3767
124182
137122
95015
152731
230291
69
102262
34592
150915
54158
220217
55920
171990
258792
3038
189808
172953
260490
155791
245459
239811
231852
159606
223499
242415
58087
88639
155999
149832
212354
220791
274014
67572
33902
205865
76983
33972
87248
172599
245911
141406
110912
19928
31492
148824
22966
420
100897
62576
156211
64453
20484
167183
3179
23103
127695
61266
111742
62814
211098
42192
1701
264233
170788
35604
188194
26891
130600
275442
199490
94607
195969
89522
114535
227461
238347
137501
227882
118364
261102
163213
182817
281586
109517
185996
22785
237212
26383
134527
79146
237481
237744
80848
280834
126628
177476
187125
214544
26172
241687
132130
181803
155752
773
75459
162334
18240
212960
169336
136604
253182
111669
37518
252864
221186
2634
54769
237518
90041
250321
34761
45619
206161
176633
105573
111909
72205
71818
44549
159401
31602
237704
59300
248378
238477
134759
128808
256717
126840
77264
111417
98118
188934
209959
130103
128216
273618
184872
83831
81755
214313
118592
188398
138570
13321
12068
29600
146550
83886
135173
24047
176512
90973
83347
142987
47546
279131
50915
83383
185091
128180
255825
1305
96234
183880
192432
224450
236618
95401
87401
36470
27810
205993
3988
227405
280338
16056
36125
144984
160967
171298
230055
55575
262272
92523
259586
88938
89750
28598
172322
274841
217802
207267
55266
93156
170267
247699
35702
124982
122220
184128
222476
211054
169241
226464
217579
167676
242521
253704
91780
121584
143099
100956
238183
184491
193479
215866
273429
62349
23584
224871
55286
20506
150234
171576
113662
38598
198395
210388
224604
38711
112612
165176
28886
60974
109736
246465
228650
131377
279290
99550
32081
140485
200506
270265
43072
173105
265251
95621
235454
6931
99613
69860
88461
249847
241437
263147
67565
157928
252655
10265
257664
144388
175441
4646
205362
64298
30231
213132
195675
27617
30778
227757
229126
10405
277142
51318
244534
260489
146940
198085
46540
246553
267945
196025
275520
6598
177268
61182
225551
209043
132471
201311
71527
87033
266981
276889
151331
15308
208117
126126
103950
18016
71979
51172
89445
128241
102491
52075
167850
28551
29280
275414
275104
76346
189535
47840
82944
145923
109022
26591
134087
241494
7022
205614
46623
53123
261624
258978
68432
187837
103200
233406
266877
236204
2674
135442
82541
105165
187518
29512
194740
277822
23022
187940
72264
273582
235781
216233
198625
123923
21944
50808
144537
28967
35543
252184
82090
15263
229258
211546
264124
50555
163048
249098
4855
226747
102636
148420
111032
69274
177932
23869
126217
261979
272833
198481
32777
5830
132810
10522
129754
215779
61331
274291
244746
157898
244572
105956
173161
252950
96623
216405
21601
38791
183599
87480
265538
65356
235901
94667
195654
192953
179560
39967
173028
170489
